0   0   0   0   0   
0   0   0   0   0   
0   0   0   0   0   
0   0   0   0   0   
0   0   0   0   0   
0   0   0   0   0   
0   0   0   0   0   
0   0   0   0   0   
0   0   0   0   0   
0   0   0   0   0   
0   0   0   0   0   
0   0   0   0   0   
0   0   0   0   0   
0   0   0   0   0   
0   0   0   0   0   
0   0   0   0   0   
0   106   0   0   0   
0   106   0   0   0   
0   245   0   0   0   
106   139   0   0   0   
245   139   0   0   0   
139   139   0   0   0   
139   208   0   0   0   
208   69   0   0   106   
69   69   0   106   245   
69   69   0   106   139   
69   69   0   106   139   
69   69   142   106   139   
0   69   36   245   139   
0   69   36   139   139   
0   69   36   139   139   
0   0   36   208   208   
0   0   105   0   69   
0   0   69   0   0   
0   0   69   0   0   
0   0   0   0   0   
0   0   0   0   0   
0   0   0   0   0   
0   0   0   0   0   
0   0   0   0   0   
0   0   0   0   0   
0   0   0   0   0   
0   0   0   0   0   
0   0   0   0   0   
0   0   0   0   0   
0   0   0   0   0   
0   0   0   0   0   
0   0   0   0   0   
0   0   0   0   0   
0   0   0   0   0   
0   0   0   0   0   
0   0   0   0   0   
0   0   0   0   0   
0   0   0   0   0   
0   0   0   0   0   
0   0   0   0   0   
0   0   0   0   0   
0   0   0   0   0   
0   0   0   0   0   
0   0   0   0   0   
0   0   0   0   0   
0   0   0   0   0   
0   0   0   0   0   
0   0   0   0   0   
