255   255   255   255   255   255   255   255   255   255   
255   255   255   255   255   255   255   255   255   255   
255   255   255   255   255   255   255   255   255   255   
255   255   255   255   255   255   255   255   255   255   
255   255   255   255   255   255   255   255   255   255   
255   255   255   255   255   255   255   255   255   255   
255   255   255   255   255   255   255   255   255   255   
255   255   255   255   255   255   255   255   255   255   
255   255   255   255   255   255   255   255   255   255   
255   255   255   255   255   255   255   255   255   255   
255   255   255   255   255   255   255   255   255   255   
255   255   255   255   255   255   255   255   255   255   
255   255   255   255   255   255   255   255   255   255   
255   255   255   255   255   255   255   255   255   255   
255   255   255   255   255   255   255   255   255   255   
255   255   255   255   255   255   255   255   255   255   
255   255   255   255   255   255   255   255   255   255   
255   255   255   255   255   255   255   255   255   255   
255   255   255   255   255   255   255   255   255   255   
255   255   255   255   255   255   255   255   255   255   
255   255   255   255   255   255   255   255   255   255   
255   255   255   255   255   255   255   255   255   255   
255   255   255   255   255   255   255   255   255   255   
255   255   255   255   255   255   255   255   255   255   
255   255   255   255   255   255   255   255   255   255   
255   255   255   255   255   255   255   255   255   255   
255   255   255   255   255   255   255   255   255   255   
255   255   255   255   255   255   255   255   255   255   
255   255   255   255   255   255   255   255   255   255   
255   255   255   255   255   255   255   255   255   255   
255   255   255   255   255   255   255   255   255   255   
255   255   255   255   255   255   255   255   255   255   
255   255   255   255   255   255   255   255   255   255   
255   255   255   255   255   255   255   255   255   255   
255   255   255   255   255   255   255   255   255   255   
255   255   255   255   255   255   255   255   255   255   
255   255   255   255   255   255   255   255   255   255   
255   150   255   255   255   255   255   255   255   255   
255   150   255   255   255   255   255   255   255   255   
255   150   255   255   255   255   255   255   255   255   
255   150   255   255   255   255   255   255   255   255   
255   150   255   255   255   255   255   255   255   255   
255   150   255   255   255   255   255   255   255   255   
255   150   255   255   255   255   255   255   255   255   
255   150   255   255   255   255   255   255   255   255   
255   150   255   255   255   255   255   255   255   255   
255   150   255   255   255   255   255   255   255   255   
255   150   255   255   255   255   255   255   255   255   
255   150   255   255   255   255   255   255   255   255   
255   150   255   255   255   255   255   255   255   255   
255   150   255   255   255   255   255   255   255   255   
255   150   255   255   255   255   255   255   255   255   
255   150   255   255   255   255   255   255   255   255   
255   150   255   255   255   255   255   255   255   255   
255   150   255   255   255   255   255   255   255   255   
255   150   255   255   255   255   255   255   255   255   
255   150   255   255   255   255   255   255   255   255   
255   150   255   255   255   255   255   255   255   255   
255   150   255   255   255   255   255   255   255   255   
255   150   255   255   255   255   255   255   255   255   
255   150   255   255   255   255   255   255   255   255   
255   150   255   255   255   255   255   255   255   255   
255   150   255   255   255   255   255   255   255   255   
255   150   255   255   255   255   255   255   255   255   
255   150   255   255   255   255   255   255   255   255   
255   150   255   255   255   255   255   255   255   255   
255   150   255   255   255   255   255   255   255   255   
255   150   255   255   255   255   255   255   255   255   
255   150   255   255   255   255   255   255   255   255   
255   150   255   255   255   255   255   255   255   255   
150   150   255   255   255   255   255   255   255   255   
150   150   255   255   255   255   255   255   255   255   
150   150   255   255   255   255   255   255   255   255   
150   150   255   255   255   255   255   255   255   255   
150   150   255   255   255   255   255   255   255   255   
150   150   255   255   255   255   255   255   255   255   
150   150   255   255   255   255   255   255   255   255   
150   150   255   255   255   255   255   255   255   255   
150   150   255   255   255   255   255   255   255   255   
150   150   255   255   255   255   255   255   255   255   
150   150   255   255   255   255   255   255   255   255   
150   150   255   255   255   255   255   255   255   255   
150   150   255   255   255   255   255   255   255   255   
150   150   255   255   255   255   255   255   255   255   
150   150   255   255   255   255   255   255   255   255   
150   150   255   255   255   255   255   255   255   255   
150   150   255   255   255   255   255   255   255   255   
150   150   255   255   255   255   255   255   255   255   
150   150   255   255   255   255   255   255   255   255   
150   150   255   255   255   255   255   255   255   255   
150   150   255   255   255   255   255   255   255   255   
150   150   255   255   255   255   255   255   255   255   
150   150   255   255   255   255   255   255   255   255   
150   150   255   255   255   255   255   255   255   255   
150   150   255   255   255   255   255   255   255   255   
150   150   255   255   255   255   255   255   255   255   
150   150   255   255   255   255   255   255   255   255   
150   150   255   255   255   255   255   255   255   255   
150   150   255   255   255   255   255   255   255   255   
150   50   255   255   255   255   255   255   255   255   
150   50   255   255   255   255   255   255   255   255   
150   50   255   255   255   255   255   255   255   255   
150   50   255   255   255   255   255   255   255   255   
150   50   255   255   255   255   255   255   255   255   
150   50   255   255   255   255   255   255   255   255   
150   50   255   255   255   255   255   255   255   255   
150   50   255   255   255   255   255   255   255   255   
150   50   255   150   255   255   255   255   255   255   
150   50   255   150   255   255   255   255   255   255   
150   50   255   150   255   255   255   255   255   255   
150   50   255   150   255   255   255   255   255   255   
150   50   255   150   255   255   255   255   255   255   
150   50   255   150   255   255   255   255   255   255   
150   50   255   150   255   255   255   255   255   255   
150   50   255   150   255   255   255   255   255   255   
150   50   255   150   255   255   255   255   255   255   
150   50   255   150   255   255   255   255   255   255   
150   50   255   150   255   255   255   255   255   255   
150   50   255   150   255   255   255   255   255   255   
150   50   255   150   255   255   255   255   255   255   
200   50   255   150   255   255   255   255   255   255   
200   50   255   150   255   255   255   255   255   255   
200   50   255   150   255   255   255   255   255   255   
200   50   255   150   255   255   255   255   255   255   
200   50   255   150   255   255   255   255   255   255   
200   50   255   150   255   255   255   255   255   255   
100   50   255   150   255   255   255   255   255   255   
100   50   255   150   255   255   255   255   255   255   
100   50   255   150   255   255   255   255   255   255   
100   50   255   150   255   255   255   255   255   255   
100   50   255   150   255   255   255   255   255   255   
100   50   255   150   255   255   255   255   255   255   
100   50   150   150   255   255   255   255   255   255   
100   50   150   150   255   255   255   255   255   255   
100   100   150   150   255   255   255   255   255   255   
100   100   150   150   255   255   255   255   255   255   
100   100   150   150   255   255   255   255   255   255   
100   100   150   150   255   255   255   255   255   255   
100   100   150   150   255   255   255   255   255   255   
100   100   150   150   255   255   255   255   255   255   
100   100   150   150   255   255   255   255   255   255   
100   100   150   150   255   255   255   255   255   255   
100   100   150   150   255   255   255   255   255   255   
100   100   200   150   255   255   255   255   255   255   
100   100   200   150   255   255   255   255   255   255   
100   100   200   150   255   255   255   255   255   255   
100   100   200   150   255   255   255   255   255   255   
100   100   200   150   255   255   255   255   255   255   
100   100   200   150   255   255   255   255   255   255   
100   100   100   150   255   255   255   255   255   255   
100   100   100   150   255   255   255   255   255   255   
100   100   100   150   255   255   255   255   255   255   
100   100   100   150   255   255   255   255   255   255   
100   100   100   150   255   255   255   255   255   255   
100   100   100   150   255   255   255   255   255   255   
100   100   100   150   255   255   255   255   255   255   
100   100   100   150   255   255   255   255   255   255   
100   100   100   150   255   255   255   255   255   255   
100   100   100   150   255   255   255   255   255   255   
100   100   100   150   255   255   255   255   255   255   
100   100   100   150   255   255   255   255   255   255   
100   100   100   150   255   255   255   255   255   255   
100   100   100   150   255   255   255   255   255   255   
100   100   100   150   255   255   255   255   255   255   
100   100   100   150   150   255   255   255   255   255   
100   100   100   150   150   255   255   255   255   255   
100   100   100   150   150   255   255   255   255   255   
100   100   100   150   150   255   255   255   255   255   
100   100   100   150   150   255   255   255   255   255   
100   100   100   150   150   255   255   255   255   255   
100   100   100   150   150   255   255   255   255   255   
100   100   100   150   150   255   255   255   255   255   
100   100   100   150   150   255   255   255   255   255   
100   100   100   150   150   255   255   255   255   255   
100   100   100   150   150   255   255   255   255   255   
100   100   100   150   150   255   255   255   255   255   
100   100   100   150   150   255   255   255   255   255   
100   100   100   50   150   255   255   255   255   255   
100   100   100   50   150   255   255   255   255   255   
100   100   100   50   150   255   255   255   255   255   
100   100   100   50   150   255   255   255   255   255   
100   100   100   50   150   255   255   255   255   255   
100   100   100   50   150   255   255   255   255   255   
100   100   100   50   150   255   255   255   255   255   
100   100   100   50   150   255   255   255   255   255   
100   100   100   50   150   255   255   255   255   255   
100   100   100   50   150   255   255   255   255   255   
100   100   100   50   150   255   255   255   255   255   
100   100   100   50   150   255   255   255   255   255   
255   100   100   50   150   255   255   255   255   255   
255   100   100   50   150   255   255   255   255   255   
255   100   100   50   150   255   255   255   255   255   
255   255   100   50   150   255   255   255   255   255   
255   255   100   50   150   255   255   255   255   255   
255   255   100   50   150   255   255   255   255   255   
255   255   100   50   150   255   255   255   255   255   
255   255   100   50   150   255   255   255   255   255   
255   255   100   50   150   255   255   255   255   255   
255   255   100   50   150   255   255   255   255   255   
255   255   100   50   150   255   255   255   255   255   
255   255   100   50   150   255   255   255   255   255   
255   255   100   50   150   255   255   255   255   255   
255   255   100   50   150   255   255   255   255   255   
255   255   100   50   150   255   255   255   255   255   
255   255   100   50   150   255   255   255   255   255   
255   255   100   50   150   255   255   255   255   255   
255   255   100   50   150   255   255   255   255   255   
255   255   100   50   150   255   255   255   255   255   
255   255   100   50   150   255   255   255   255   255   
255   255   100   50   150   255   255   255   255   255   
255   255   100   50   150   255   255   255   255   255   
255   255   100   50   150   255   255   255   255   255   
255   255   255   50   150   255   255   255   255   255   
255   255   255   50   150   255   255   255   255   255   
255   255   255   50   150   255   255   255   255   255   
255   255   255   50   150   255   255   255   255   255   
255   255   255   50   150   255   255   255   255   255   
255   255   255   50   150   255   255   255   255   255   
255   255   255   50   150   255   255   255   255   255   
255   255   255   50   150   255   255   255   255   255   
255   255   255   50   150   255   255   255   255   255   
255   255   255   50   150   255   255   255   255   255   
255   255   255   50   150   255   255   255   255   255   
255   255   255   50   150   255   255   255   255   255   
255   255   255   50   150   255   255   255   255   255   
255   255   255   50   150   255   255   255   255   255   
255   255   255   50   150   255   255   255   255   255   
255   255   255   50   150   255   255   255   255   255   
255   255   255   50   150   255   255   255   255   255   
255   255   255   50   150   255   255   255   255   255   
255   255   255   50   150   255   255   255   255   255   
255   255   255   50   150   255   255   255   255   255   
255   255   255   50   150   255   255   255   255   255   
255   255   255   50   50   255   255   255   255   255   
255   255   255   50   50   255   255   255   255   255   
255   255   255   50   50   255   255   255   255   255   
255   255   255   50   50   255   255   255   255   255   
255   255   255   50   50   255   255   255   255   255   
255   255   255   50   50   255   255   255   255   255   
255   255   255   50   50   255   255   255   255   255   
255   255   255   50   50   255   255   255   255   255   
255   255   255   50   50   255   255   255   255   255   
255   255   255   50   50   255   255   255   255   255   
255   255   255   50   50   255   255   255   255   255   
255   255   255   50   50   255   255   255   255   255   
255   255   255   50   50   255   255   255   255   255   
255   255   255   50   50   255   255   255   255   255   
255   255   255   50   50   255   255   255   255   255   
255   255   255   50   50   255   255   255   255   255   
255   255   255   50   50   255   255   255   255   255   
255   255   255   50   50   255   255   255   255   255   
255   255   255   50   50   255   255   255   255   255   
255   255   255   50   50   255   255   255   255   255   
255   255   255   50   50   255   255   255   255   255   
255   255   255   100   50   255   255   255   255   255   
255   255   255   100   50   255   255   255   255   255   
255   255   255   100   100   255   255   255   255   255   
255   255   255   100   100   255   255   255   255   255   
255   255   255   100   100   255   255   255   255   255   
255   255   255   100   100   255   255   255   255   255   
255   255   255   100   100   255   255   255   255   255   
255   255   255   100   100   255   255   255   255   255   
255   255   255   100   100   255   255   255   255   255   
255   255   255   100   100   255   255   255   255   255   
255   255   255   100   100   255   255   255   255   255   
255   255   255   100   100   255   255   255   255   255   
255   255   255   100   100   255   255   255   255   255   
255   255   255   100   100   255   255   255   255   255   
255   255   255   100   100   255   255   255   255   255   
255   255   255   100   100   255   255   255   255   255   
255   255   255   100   100   255   255   255   255   255   
255   255   255   100   100   255   255   255   255   255   
255   255   255   100   100   255   255   255   255   255   
255   255   255   100   100   255   255   255   255   255   
255   255   255   100   100   255   255   255   255   255   
255   255   255   100   100   255   255   255   255   255   
255   255   255   100   100   255   255   255   255   255   
255   255   255   255   100   255   255   255   255   255   
255   255   255   255   100   255   255   255   255   255   
255   255   255   255   100   255   255   255   255   255   
255   255   255   255   100   255   255   255   255   255   
255   255   255   255   100   255   255   255   255   255   
255   255   255   255   100   255   255   255   255   255   
255   255   255   255   100   255   255   255   255   255   
255   255   255   255   100   255   255   255   255   255   
255   255   255   255   100   255   255   255   255   255   
255   255   255   255   100   255   255   255   255   255   
255   255   255   255   100   255   255   255   255   255   
255   255   255   255   100   255   255   255   255   255   
255   255   255   255   100   255   255   255   255   255   
255   255   255   255   100   255   255   255   255   255   
255   255   255   255   100   255   255   255   255   255   
255   255   255   255   100   255   255   255   255   255   
255   255   255   255   100   255   255   255   255   255   
255   255   255   255   100   255   255   255   255   255   
255   255   255   255   100   255   255   255   255   255   
255   255   255   255   100   255   255   255   255   255   
255   255   255   255   100   255   255   255   255   255   
255   255   255   255   100   255   255   255   255   255   
255   255   255   255   100   255   255   255   255   255   
255   255   255   255   100   255   255   255   255   255   
255   255   255   255   100   255   255   255   255   255   
255   255   255   255   100   255   255   255   255   255   
255   255   255   255   100   255   255   255   255   255   
255   255   255   255   100   255   255   255   255   255   
255   255   255   255   100   255   255   255   255   255   
255   255   255   255   100   255   255   255   255   255   
255   255   255   255   100   255   255   255   255   255   
255   255   255   255   100   255   255   255   255   255   
255   255   255   255   100   255   255   255   255   255   
255   255   255   255   100   255   255   255   255   255   
255   255   255   255   100   255   255   255   255   255   
255   255   255   255   100   255   255   255   255   255   
255   255   255   255   100   255   255   255   255   255   
255   255   255   255   100   255   255   255   255   255   
255   255   255   255   100   255   255   255   255   255   
255   255   255   255   255   255   255   255   255   255   
255   255   255   255   255   255   255   255   255   255   
255   255   255   255   255   255   255   255   255   255   
255   255   255   255   255   255   255   255   255   255   
255   255   255   255   255   255   255   255   255   255   
255   255   255   255   255   255   255   255   255   255   
255   255   255   255   255   255   255   255   255   255   
255   255   255   255   255   255   255   255   255   255   
255   255   255   255   255   255   255   255   255   255   
255   255   255   255   255   255   255   255   255   255   
255   255   255   255   255   255   255   255   255   255   
255   255   255   255   255   255   255   255   255   255   
255   255   255   255   255   255   255   255   255   255   
255   255   255   255   255   255   255   255   255   255   
255   255   255   255   255   255   255   255   255   255   
255   255   255   255   255   255   255   255   255   255   
255   255   255   255   255   255   255   255   255   255   
255   255   255   255   255   255   255   255   255   255   
255   255   255   255   255   255   255   255   255   255   
255   255   255   255   255   255   255   255   255   255   
255   255   255   255   255   255   255   255   255   255   
255   255   255   255   255   255   255   255   255   255   
255   255   255   255   255   255   255   255   255   255   
255   255   255   255   255   255   255   255   255   255   
255   255   255   255   255   255   255   255   255   255   
255   255   255   255   255   255   255   255   255   255   
255   255   255   255   255   255   255   255   255   255   
255   255   255   255   255   255   255   255   255   255   
255   255   255   255   255   255   255   255   255   255   
255   255   255   255   255   255   255   255   255   255   
255   255   255   255   255   255   255   255   255   255   
255   255   255   255   255   255   255   255   255   255   
255   255   255   255   255   255   255   255   255   255   
255   255   255   255   255   255   255   255   255   255   
255   255   255   255   255   255   255   255   255   255   
255   255   255   255   255   255   255   255   255   255   
255   255   255   255   255   255   255   255   255   255   
255   255   255   255   255   255   255   255   255   255   
255   255   255   255   255   255   255   255   255   255   
255   255   255   255   255   255   255   255   255   255   
255   255   255   255   255   255   255   255   255   255   
255   255   255   255   255   255   255   255   255   255   
255   255   255   255   255   255   255   255   255   255   
255   255   255   255   255   255   255   255   255   255   
255   255   255   255   255   255   255   255   255   255   
255   255   255   255   255   255   255   255   255   255   
255   255   255   255   255   255   255   255   255   255   
255   255   255   255   255   255   255   255   255   255   
255   255   255   255   255   255   255   255   255   255   
255   255   255   255   255   255   255   255   255   255   
255   255   255   255   255   255   255   255   255   255   
255   255   255   255   255   255   255   255   255   255   
255   255   255   255   255   255   255   255   255   255   
255   255   255   255   255   255   255   255   255   255   
255   255   255   255   255   255   255   255   255   255   
255   255   255   255   255   255   255   255   255   255   
255   255   255   255   255   255   255   255   255   255   
255   255   255   255   255   255   255   255   255   255   
255   255   255   255   255   255   255   255   255   255   
255   255   255   255   255   255   255   255   255   255   
255   255   255   255   255   255   255   255   255   255   
255   255   255   255   255   255   255   255   255   255   
255   255   255   255   255   255   255   255   255   255   
255   255   255   255   255   255   255   255   255   255   
255   255   255   255   255   255   255   255   255   255   
255   255   255   255   255   255   255   255   255   255   
255   255   255   255   255   255   255   255   255   255   
255   255   255   255   255   255   255   255   255   255   
255   255   255   255   255   255   255   255   255   255   
255   255   255   255   255   255   255   255   255   255   
255   255   255   255   255   255   255   255   255   255   
255   255   255   255   255   255   255   255   255   255   
255   255   255   255   255   255   255   255   255   255   
255   255   255   255   255   255   255   255   255   255   
255   255   255   255   255   255   255   255   255   255   
255   255   255   255   255   255   255   255   255   255   
255   255   255   255   255   255   255   255   255   255   
255   255   255   255   255   255   255   255   255   255   
255   255   255   255   255   255   255   255   255   255   
255   255   255   255   255   255   255   255   255   255   
255   255   255   255   255   255   255   255   255   255   
255   255   255   255   255   255   255   255   255   255   
255   255   255   255   255   255   255   255   255   255   
255   255   255   255   255   255   255   255   255   255   
255   255   255   255   255   255   255   255   255   255   
255   255   255   255   255   255   255   255   255   255   
255   255   255   255   255   255   255   255   255   255   
255   255   255   255   255   255   255   255   255   255   
255   255   255   255   255   255   255   255   255   255   
255   255   255   255   255   255   255   255   255   255   
255   255   255   255   255   255   255   255   255   255   
255   255   255   255   255   255   255   255   255   255   
255   255   255   255   255   255   255   255   255   255   
255   255   255   255   255   255   255   255   255   255   
255   255   255   255   255   255   255   255   255   255   
255   255   255   255   255   255   255   255   255   255   
255   255   255   255   255   255   255   255   255   255   
255   255   255   255   255   255   255   255   255   255   
255   255   255   255   255   255   255   255   255   255   
255   255   255   255   255   255   255   255   255   255   
255   255   255   255   255   255   255   255   255   255   
255   255   255   255   255   255   255   255   255   255   
255   255   255   255   255   255   255   255   255   255   
255   255   255   255   255   255   255   255   255   255   
255   255   255   255   255   255   255   255   255   255   
255   255   255   255   255   255   255   255   255   255   
255   255   255   255   255   255   255   255   255   255   
255   255   255   255   255   255   255   255   255   255   
255   255   255   255   255   255   255   255   255   255   
255   255   255   255   255   255   255   255   255   255   
255   255   255   255   255   255   255   255   255   255   
255   255   255   255   255   255   255   255   255   255   
255   255   255   255   255   255   255   255   255   255   
255   255   255   255   255   255   255   255   255   255   
255   255   255   255   255   255   255   255   255   255   
255   255   255   255   255   255   255   255   255   255   
255   255   255   255   255   255   255   255   255   255   
255   255   255   255   255   255   255   255   255   255   
255   255   255   255   255   255   255   255   255   255   
255   255   255   255   255   255   255   255   255   255   
255   255   255   255   255   255   255   255   255   255   
255   255   255   255   255   255   255   255   255   255   
255   255   255   255   255   255   255   255   255   255   
255   255   255   255   255   255   255   255   255   255   
255   255   255   255   255   255   255   255   255   255   
255   255   255   255   255   255   255   255   255   255   
255   255   255   255   255   255   255   255   255   255   
255   255   255   255   255   255   255   255   255   255   
255   255   255   255   255   255   255   255   255   255   
255   255   255   255   255   255   255   255   255   255   
255   255   255   255   255   255   255   255   255   255   
255   255   255   255   255   255   255   255   255   255   
255   255   255   255   255   255   255   255   255   255   
255   255   255   255   255   255   255   255   255   255   
255   255   255   255   255   255   255   255   255   255   
255   255   255   255   255   255   255   255   255   255   
255   255   255   255   255   255   255   255   255   255   
255   255   255   255   255   255   255   255   255   255   
255   255   255   255   255   255   255   255   255   255   
255   255   255   255   255   255   255   255   255   255   
255   255   255   255   255   255   255   255   255   255   
255   255   255   255   255   255   255   255   255   255   
255   255   255   255   255   255   255   255   255   255   
255   255   255   255   255   255   255   255   255   255   
255   255   255   255   255   255   255   255   255   255   
255   255   255   255   255   255   255   255   255   255   
255   255   255   255   255   255   255   255   255   255   
255   255   255   255   255   255   255   255   255   255   
255   255   255   255   255   255   255   255   255   255   
255   255   255   255   255   255   255   255   255   255   
255   255   255   255   255   255   255   255   255   255   
255   255   255   255   255   255   255   255   255   255   
255   255   255   255   255   255   255   255   255   255   
255   255   255   255   255   255   255   255   255   255   
255   255   255   255   255   255   255   255   255   255   
255   255   255   255   255   255   255   255   255   255   
255   255   255   255   255   255   255   255   255   255   
255   255   255   255   255   255   255   255   255   255   
255   255   255   255   255   255   255   255   255   255   
255   255   255   255   255   255   255   255   255   255   
255   255   255   255   255   255   255   255   255   255   
255   255   255   255   255   255   255   255   255   255   
255   255   255   255   255   255   255   255   255   255   
255   255   255   255   255   255   255   255   255   255   
255   255   255   255   255   255   255   255   255   255   
255   255   255   255   255   255   255   255   255   255   
255   255   255   255   255   255   255   255   255   255   
255   255   255   255   255   255   255   255   255   255   
255   255   255   255   255   255   255   255   255   255   
255   255   255   255   255   255   255   255   255   255   
255   255   255   255   255   255   255   255   255   255   
255   255   255   255   255   255   255   255   255   255   
255   255   255   255   255   255   255   255   255   255   
255   255   255   255   255   255   255   255   255   255   
255   255   255   255   255   255   255   255   255   255   
255   255   255   255   255   255   255   255   255   255   
255   255   255   255   255   255   255   255   255   255   
255   255   255   255   255   255   255   255   255   255   
255   255   255   255   255   255   255   255   255   255   
255   255   255   255   255   255   255   255   255   255   
255   255   255   255   255   255   255   255   255   255   
255   255   255   255   255   255   255   255   255   255   
255   255   255   255   255   255   255   255   255   255   
255   255   255   255   255   255   255   255   255   255   
255   255   255   255   255   255   255   255   255   255   
255   255   255   255   255   255   255   255   255   255   
255   255   255   255   255   255   255   255   255   255   
255   255   255   255   255   255   255   255   255   255   
255   255   255   255   255   255   255   255   255   255   
255   255   255   255   255   255   255   255   255   255   
255   255   255   255   255   255   255   255   255   255   
255   255   255   255   255   255   255   255   255   255   
255   255   255   255   255   255   255   255   255   255   
255   255   255   255   255   255   255   255   255   255   
255   255   255   255   255   255   255   255   255   255   
255   255   255   255   255   255   255   255   255   255   
