Filename epsilon alpha gamma decay_facto_epsilon decay_facto_alpha
	?		0.01  0.1   0.9 		1					  1
500 4
1000 124
1500 84
2000 321
2500 236
3000 298
3500 229
4000 230
4500 314
5000 294
	?		0.01  0.1     1	 		1					  1
500 11
1000 104
1500 206
2000 298
2500 182
3000 279
3500 397
4000 363
4500 404
5000 351
	?		1		1	  1 		0.9					  0.9
500 79
1000 417
1500 425
2000 389
2500 406
3000 423
3500 417
4000 404
4500 405
5000 410
	?		1		1	  1 		0.999				  0.999
500 0
1000 0
1500 6
2000 103
2500 193
3000 380
3500 365
4000 408
4500 385
5000 324